1|1
2|2
3|3
4|4
5|5
6|6
7|7
8|8
9|9
10|a
11|b
12|c
13|d
14|e
15|f
16|10
17|11
18|12
19|13
20|14
21|15
22|16
23|17
24|18
25|19
26|1a
27|1b
28|1c
29|1d
30|1e
31|1f
32|20
33|21
34|22
35|23
36|24
37|25
38|26
39|27
40|28
41|29
42|2a
43|2b
44|2c
45|2d
46|2e
47|2f
48|30
49|31
50|32
51|33
52|34
53|35
54|36
55|37
56|38
57|39
58|3a
59|3b
60|3c
61|3d
62|3e
63|3f
64|40
65|41
66|42
67|43
68|44
69|45
70|46
71|47
72|48
73|49
74|4a
75|4b
76|4c
77|4d
78|4e
79|4f
80|50
81|51
82|52
83|53
84|54
85|55
86|56
87|57
88|58
89|59
90|5a
91|5b
92|5c
93|5d
94|5e
95|5f
96|60
97|61
98|62
99|63
100|64
101|65
102|66
103|67
104|68
105|69
106|6a
107|6b
108|6c
109|6d
110|6e
111|6f
112|70
113|71
114|72
115|73
116|74
117|75
118|76
119|77
120|78
121|79
122|7a
123|7b
124|7c
125|7d
126|7e
127|7f
128|80
129|81
130|82
131|83
132|84
133|85
134|86
135|87
136|88
137|89
138|8a
139|8b
140|8c
141|8d
142|8e
143|8f
144|90
145|91
146|92
147|93
148|94
149|95
150|96
151|97
152|98
153|99
154|9a
155|9b
156|9c
157|9d
158|9e
159|9f
160|a0
161|a1
162|a2
163|a3
164|a4
165|a5
166|a6
167|a7
168|a8
169|a9
170|aa
171|ab
172|ac
173|ad
174|ae
175|af
176|b0
177|b1
178|b2
179|b3
180|b4
181|b5
182|b6
183|b7
184|b8
185|b9
186|ba
187|bb
188|bc
189|bd
190|be
191|bf
192|c0
193|c1
194|c2
195|c3
196|c4
197|c5
198|c6
199|c7
200|c8
201|c9
202|ca
203|cb
204|cc
205|cd
206|ce
207|cf
208|d0
209|d1
210|d2
211|d3
212|d4
213|d5
214|d6
215|d7
216|d8
217|d9
218|da
219|db
220|dc
221|dd
222|de
223|df
224|e0
225|e1
226|e2
227|e3
228|e4
229|e5
230|e6
231|e7
232|e8
233|e9
234|ea
235|eb
236|ec
237|ed
238|ee
239|ef
240|f0
241|f1
242|f2
243|f3
244|f4
245|f5
246|f6
247|f7
248|f8
249|f9
250|fa
251|fb
252|fc
253|fd
254|fe
255|ff
256|100
257|101
258|102
259|103
260|104
261|105
262|106
263|107
264|108
265|109
266|10a
267|10b
268|10c
269|10d
270|10e
271|10f
272|110
273|111
274|112
275|113
276|114
277|115
278|116
279|117
280|118
281|119
282|11a
283|11b
284|11c
285|11d
286|11e
287|11f
288|120
289|121
290|122
291|123
292|124
293|125
294|126
295|127
296|128
297|129
298|12a
299|12b
300|12c
301|12d
302|12e
303|12f
304|130
305|131
306|132
307|133
308|134
309|135
310|136
311|137
312|138
313|139
314|13a
315|13b
316|13c
317|13d
318|13e
319|13f
320|140
321|141
322|142
323|143
324|144
325|145
326|146
327|147
328|148
329|149
330|14a
331|14b
332|14c
333|14d
334|14e
335|14f
336|150
337|151
338|152
339|153
340|154
341|155
342|156
343|157
344|158
345|159
346|15a
347|15b
348|15c
349|15d
350|15e
351|15f
352|160
353|161
354|162
355|163
356|164
357|165
358|166
359|167
360|168
361|169
362|16a
363|16b
364|16c
365|16d
366|16e
367|16f
368|170
369|171
370|172
371|173
372|174
373|175
374|176
375|177
376|178
377|179
378|17a
379|17b
380|17c
381|17d
382|17e
383|17f
384|180
385|181
386|182
387|183
388|184
389|185
390|186
391|187
392|188
393|189
394|18a
395|18b
396|18c
397|18d
398|18e
399|18f
400|190
401|191
402|192
403|193
404|194
405|195
406|196
407|197
408|198
409|199
410|19a
411|19b
412|19c
413|19d
414|19e
415|19f
416|1a0
417|1a1
418|1a2
419|1a3
420|1a4
421|1a5
422|1a6
423|1a7
424|1a8
425|1a9
426|1aa
427|1ab
428|1ac
429|1ad
430|1ae
431|1af
432|1b0
433|1b1
434|1b2
435|1b3
436|1b4
437|1b5
438|1b6
439|1b7
440|1b8
441|1b9
442|1ba
443|1bb
444|1bc
445|1bd
446|1be
447|1bf
448|1c0
449|1c1
450|1c2
451|1c3
452|1c4
453|1c5
454|1c6
455|1c7
456|1c8
457|1c9
458|1ca
459|1cb
460|1cc
461|1cd
462|1ce
463|1cf
464|1d0
465|1d1
466|1d2
467|1d3
468|1d4
469|1d5
470|1d6
471|1d7
472|1d8
473|1d9
474|1da
475|1db
476|1dc
477|1dd
478|1de
479|1df
480|1e0
481|1e1
482|1e2
483|1e3
484|1e4
485|1e5
486|1e6
487|1e7
488|1e8
489|1e9
490|1ea
491|1eb
492|1ec
493|1ed
494|1ee
495|1ef
496|1f0
497|1f1
498|1f2
499|1f3
500|1f4
501|1f5
502|1f6
503|1f7
504|1f8
505|1f9
506|1fa
507|1fb
508|1fc
509|1fd
510|1fe
511|1ff
512|200
